BC1	4	1	1	1	1	1	1	1	1	1
BC1	4	1	1	1	1	2	1	1	1	1
BC2	2	1	1	1	1	1	1	1	1	1
BC2	2	1	1	1	1	1	1	1	1	1
BC3	5	1	1	1	1	1	1	1	1	1
BC3	5	1	1	1	1	2	1	1	1	1
BC4	5	1	1	1	1	1	1	1	1	1
BC4	5	1	1	1	2	1	2	1	1	1
BC5	5	1	1	1	1	1	1	1	1	1
BC5	5	1	1	1	1	2	1	1	1	1
BC6	5	1	1	1	1	1	1	1	1	1
BC6	5	1	1	1	1	1	1	1	1	1
BC7	5	1	1	1	1	-9	1	1	1	1
BC7	5	1	1	1	1	-9	2	1	1	1
BC8	5	1	-9	1	1	1	1	1	1	1
BC8	5	1	-9	1	1	1	2	1	1	1
BC9	5	1	1	1	1	1	1	1	1	1
BC9	5	1	1	1	1	1	1	1	1	1
BC10	1	1	1	1	1	1	1	1	1	1
BC10	1	1	1	1	1	1	1	1	1	1
BC11	3	1	1	1	1	-9	1	1	1	1
BC11	3	1	1	1	1	-9	1	1	1	1
HZ3	7	1	2	2	1	2	2	1	2	1
HZ3	7	2	2	2	2	2	2	2	2	2
HZ4	7	2	1	2	2	2	2	2	1	2
HZ4	7	2	2	2	2	2	2	2	2	2
HZ5	7	2	2	1	2	2	2	2	2	2
HZ5	7	2	2	2	2	2	2	2	2	2
HZ6	7	2	2	2	1	2	2	2	2	2
HZ6	7	2	2	2	2	2	2	2	2	2
HZ7	7	1	1	1	1	1	1	1	1	1
HZ7	7	1	1	1	1	1	1	1	1	1
HZ8	6	1	1	1	1	1	1	1	1	1
HZ8	6	1	1	1	1	1	1	1	1	1
HZ9	6	1	1	1	1	1	1	1	1	1
HZ9	6	2	2	2	2	1	2	2	2	2
HZ10	6	1	2	1	1	-9	1	1	2	1
HZ10	6	2	2	2	2	2	2	2	2	2
HZ12	6	1	1	1	1	1	1	1	1	1
HZ12	6	1	1	1	1	1	1	2	1	2
HZ13	6	1	1	1	1	1	1	1	1	1
HZ13	6	1	1	1	1	1	2	1	1	1
HZ14	7	1	2	1	1	2	2	1	2	1
HZ14	7	2	2	2	2	2	2	1	2	1
HZ15	7	2	1	1	1	1	1	1	1	1
HZ15	7	2	1	2	2	2	2	2	1	2
HZ16	7	2	2	1	2	2	2	2	2	2
HZ16	7	2	2	2	2	2	2	2	2	2
HZ17	7	2	2	2	2	2	1	2	2	2
HZ17	7	2	2	2	2	2	2	2	2	2
HZ18	7	2	2	2	2	2	2	2	2	2
HZ18	7	2	2	2	2	2	2	2	2	2
HZ19	7	2	2	2	2	2	2	1	2	1
HZ19	7	2	2	2	2	2	2	2	2	2
HZ20	7	2	2	2	2	2	2	2	2	2
HZ20	7	2	2	2	2	2	2	2	2	2
HZ21	7	2	2	2	2	2	2	1	2	1
HZ21	7	2	2	2	2	2	2	2	2	2
HZ22	7	2	2	2	2	1	2	2	2	2
HZ22	7	2	2	2	2	2	2	2	2	2
HZ23	7	1	1	1	1	1	1	1	1	1
HZ23	7	2	2	1	2	2	2	2	2	2
HZ24	7	2	1	2	2	1	2	1	1	1
HZ24	7	2	2	2	2	2	2	2	2	2
HZ25	7	2	2	2	2	2	2	2	2	2
HZ25	7	2	2	2	2	2	2	2	2	2
HZ26	7	2	2	1	1	2	2	1	2	1
HZ26	7	2	2	2	2	2	2	2	2	2
HZ27	7	1	2	1	1	2	1	2	2	2
HZ27	7	2	2	2	2	2	2	2	2	2
HZ28	7	1	1	1	1	1	1	1	1	1
HZ28	7	2	2	2	2	2	2	2	2	2
HZ30	7	2	2	2	2	1	2	2	2	2
HZ30	7	2	2	2	2	2	2	2	2	2
HZ31	7	2	2	-9	2	2	-9	-9	2	2
HZ31	7	2	2	-9	2	2	-9	-9	2	2
HZ32	7	2	-9	-9	2	2	2	-9	2	2
HZ32	7	2	-9	-9	2	2	2	-9	2	2
HZ33	7	-9	2	2	2	-9	2	2	2	2
HZ33	7	-9	2	2	2	-9	2	2	2	2
HZ34	7	2	2	2	2	2	2	2	2	2
HZ34	7	2	2	2	2	2	2	2	2	2
HZ35	7	2	2	1	1	1	1	1	1	1
HZ35	7	2	2	1	2	2	2	2	2	2
CA1	9	2	2	2	1	2	2	2	2	1
CA1	9	2	2	2	2	2	2	2	2	2
CA2	10	2	2	2	2	-9	2	2	2	2
CA2	10	2	2	2	2	-9	2	2	2	2
CA3	10	-9	2	2	2	-9	2	2	2	2
CA3	10	-9	2	2	2	-9	2	2	2	2
CA4	8	2	2	2	2	-9	2	2	2	2
CA4	8	2	2	2	2	-9	2	2	2	2
CA5	8	2	2	2	2	-9	2	2	2	2
CA5	8	2	2	2	2	-9	2	2	2	2
CA6	8	2	2	2	2	-9	2	2	2	2
CA6	8	2	2	2	2	-9	2	2	2	2
CA8	8	2	2	2	2	-9	2	2	2	1
CA8	8	2	2	2	2	-9	2	2	2	2
CA9	8	2	2	2	2	-9	2	2	2	2
CA9	8	2	2	2	2	-9	2	2	2	2
CA10	8	2	2	2	2	-9	2	2	2	2
CA10	8	2	2	2	2	-9	2	2	2	2
CA11	8	2	-9	2	1	-9	-9	2	-9	1
CA11	8	2	-9	2	2	-9	-9	2	-9	2
