1 1 (0) 1 : 0.023 0.977
2 2 (0) 1 : 0.012 0.988
3 3 (0) 1 : 0.023 0.977
4 4 (0) 1 : 0.080 0.920
5 5 (0) 1 : 0.024 0.976
6 6 (0) 1 : 0.012 0.988
7 7 (0) 1 : 0.019 0.981
8 8 (0) 1 : 0.020 0.980
9 9 (0) 1 : 0.012 0.988
10 10 (0) 1 : 0.012 0.988
11 11 (0) 1 : 0.012 0.988
12 12 (0) 1 : 0.783 0.217
13 13 (0) 1 : 0.882 0.118
14 14 (0) 1 : 0.956 0.044
15 15 (0) 1 : 0.957 0.043
16 16 (0) 1 : 0.012 0.988
17 17 (0) 1 : 0.012 0.988
18 18 (0) 1 : 0.456 0.544
19 19 (0) 1 : 0.621 0.379
20 20 (0) 1 : 0.118 0.882
21 21 (0) 1 : 0.020 0.980
22 22 (0) 1 : 0.606 0.394
23 23 (0) 1 : 0.442 0.558
24 24 (0) 1 : 0.955 0.045
25 25 (0) 1 : 0.943 0.057
26 26 (0) 1 : 0.988 0.012
27 27 (0) 1 : 0.910 0.090
28 28 (0) 1 : 0.988 0.012
29 29 (0) 1 : 0.909 0.091
30 30 (0) 1 : 0.983 0.017
31 31 (0) 1 : 0.443 0.557
32 32 (0) 1 : 0.738 0.262
33 33 (0) 1 : 0.988 0.012
34 34 (0) 1 : 0.793 0.207
35 35 (0) 1 : 0.777 0.223
36 36 (0) 1 : 0.502 0.498
37 37 (0) 1 : 0.983 0.017
38 38 (11) 1 : 0.987 0.013
39 39 (11) 1 : 0.986 0.014
40 40 (0) 1 : 0.988 0.012
41 41 (0) 1 : 0.988 0.012
42 42 (0) 1 : 0.564 0.436
43 43 (0) 1 : 0.867 0.133
44 44 (0) 1 : 0.743 0.257
45 45 (11) 1 : 0.432 0.568
46 46 (0) 1 : 0.918 0.082
47 47 (0) 1 : 0.988 0.012
48 48 (0) 1 : 0.982 0.018
49 49 (0) 1 : 0.988 0.012
50 50 (0) 1 : 0.983 0.017
51 51 (0) 1 : 0.983 0.017
52 52 (0) 1 : 0.947 0.053
53 53 (0) 1 : 0.988 0.012
54 54 (0) 1 : 0.983 0.017
55 55 (0) 1 : 0.811 0.189
