1 1 (0) 1 : 0.976 0.024
2 2 (0) 1 : 0.988 0.012
3 3 (0) 1 : 0.976 0.024
4 4 (0) 1 : 0.921 0.079
5 5 (0) 1 : 0.977 0.023
6 6 (0) 1 : 0.988 0.012
7 7 (0) 1 : 0.980 0.020
8 8 (0) 1 : 0.980 0.020
9 9 (0) 1 : 0.988 0.012
10 10 (0) 1 : 0.988 0.012
11 11 (0) 1 : 0.988 0.012
12 12 (0) 1 : 0.217 0.783
13 13 (0) 1 : 0.117 0.883
14 14 (0) 1 : 0.045 0.955
15 15 (0) 1 : 0.043 0.957
16 16 (0) 1 : 0.988 0.012
17 17 (0) 1 : 0.988 0.012
18 18 (0) 1 : 0.546 0.454
19 19 (0) 1 : 0.377 0.623
20 20 (0) 1 : 0.883 0.117
21 21 (0) 1 : 0.980 0.020
22 22 (0) 1 : 0.393 0.607
23 23 (0) 1 : 0.559 0.441
24 24 (0) 1 : 0.045 0.955
25 25 (0) 1 : 0.058 0.942
26 26 (0) 1 : 0.012 0.988
27 27 (0) 1 : 0.091 0.909
28 28 (0) 1 : 0.012 0.988
29 29 (0) 1 : 0.090 0.910
30 30 (0) 1 : 0.017 0.983
31 31 (0) 1 : 0.559 0.441
32 32 (0) 1 : 0.263 0.737
33 33 (0) 1 : 0.012 0.988
34 34 (0) 1 : 0.209 0.791
35 35 (0) 1 : 0.223 0.777
36 36 (0) 1 : 0.499 0.501
37 37 (0) 1 : 0.017 0.983
38 38 (11) 1 : 0.013 0.987
39 39 (11) 1 : 0.014 0.986
40 40 (0) 1 : 0.012 0.988
41 41 (0) 1 : 0.012 0.988
42 42 (0) 1 : 0.437 0.563
43 43 (0) 1 : 0.134 0.866
44 44 (0) 1 : 0.255 0.745
45 45 (11) 1 : 0.566 0.434
46 46 (0) 1 : 0.082 0.918
47 47 (0) 1 : 0.012 0.988
48 48 (0) 1 : 0.017 0.983
49 49 (0) 1 : 0.012 0.988
50 50 (0) 1 : 0.017 0.983
51 51 (0) 1 : 0.017 0.983
52 52 (0) 1 : 0.052 0.948
53 53 (0) 1 : 0.012 0.988
54 54 (0) 1 : 0.017 0.983
55 55 (0) 1 : 0.190 0.810
